5 4839 5497 5018 6804 4619
5 4094 1335 190 3786 281
4 303 4059 677 5866
4 3156 445 9393 9226
4 3580 3444 9523 4986
4 7318 9888 7499 1370
5 606 1138 3457 5025 3878
4 8703 1992 7475 3314
5 4377 2949 4379 1550 9217
4 8292 7429 9698 6316
4 1209 8630 3951 3316
4 9675 2576 5424 2352
4 4435 1815 9401 2996
3 9913 4307 4843
4 7952 9084 5205 7935
4 7293 1993 896 8574
5 8518 5299 6783 3196 4522
4 2296 6135 69 781
4 6807 8271 2917 2314
4 1664 9020 4833 1402
4 268 84 2934 2065
5 2920 5192 1492 9166 9427
3 7320 2106 6842
4 920 7640 6780 6871
5 2432 1528 5113 842 9937
4 6654 6456 6026 5942
4 3988 1438 8146 4816
4 5445 6115 1978 4673
4 3743 7070 8406 6829
4 3527 1305 3270 1019
3 945 1066 4866
3 1178 7186 357
4 3607 7399 769 64
4 6901 700 3572 3772
5 4309 8329 3471 3585 4075
4 6694 3253 2711 3040
3 4184 6457 7197
4 8149 4885 554 8461
3 9851 157 7567
4 1315 1543 6110 523
4 9581 6794 9733 5843
4 9216 9852 2651 3399
4 88 4894 530 7207
3 8024 5744 4206
4 4214 8175 8133 8963
4 222 9544 7471 6646
3 5890 585 1057
3 4679 225 9111
4 8509 3236 2559 8015
3 19 4665 2140
4 6656 2356 2511 9936
3 4414 2571 8521
3 7329 6952 7712
3 2147 3067 2956
3 6150 9627 5523
4 8587 3333 6199 9343
4 7957 7229 6269 9114
4 1867 9901 1635 5769
3 8382 7975 9889
4 2519 6404 273 9195
3 3257 9935 9171
4 2735 8204 9412 2235
3 8736 3329 8804
3 7553 9514 5356
3 8578 2480 9223
3 4829 5069 2965
4 6724 9305 7141 4798
3 7913 8559 2614
4 6916 4437 975 3912
3 4848 961 8896
3 5090 483 5511
4 1273 6044 3103 1692
4 4687 3869 9164 2452
3 8351 5402 5292
4 1447 5358 8367 7221
3 5510 7928 993
3 3024 9768 8591
3 6069 8484 7327
4 9976 297 3055 7422
3 6765 6304 7608
3 5517 7249 9774
5 3549 1515 1888 2245 5149
3 8699 61 5256
3 9267 9003 385
3 9691 7911 8143
4 610 5693 5716 5353
4 7965 2135 8978 5996
3 3168 3017 463
4 4637 9254 3622 4392
4 3025 7104 6338 7369
3 200 5227 2348
4 2531 3410 206 135
3 9974 2774 2600
4 117 2788 394 2607
3 6296 400 4323
4 7657 8557 4225 2667
4 6695 6412 3200 239
4 6822 1200 8555 2046
3 1372 3371 2207
3 7585 4761 7205
3 6875 7198 2662
3 1593 3197 739
3 3005 4349 2390
3 627 1830 9611
3 6228 4733 4327
4 4742 4080 8795 7896
4 8342 7993 9626 478
3 1995 6265 1686
3 825 7357 838
3 9965 5440 1827
3 7314 2123 3164
3 533 4935 6682
4 2465 2986 565 6159
4 519 6913 4984 4248
3 4112 6710 5050
3 9757 9805 3479
4 6189 2507 6971 4670
4 2278 2603 32 5271
4 5727 6418 8338 5119
3 6735 2056 9902
3 4020 5948 2674
4 423 9996 6711 6215
3 8784 6410 508
3 6053 2784 3961
3 7557 3294 1463
3 4794 1609 9629
2 8890 1879
3 1313 328 3446
3 1465 6361 2699
4 3555 3546 4071 521
3 8832 8448 8603
5 6466 1757 5086 8236 1632
4 672 5049 2357 628
3 5282 5856 4039
3 8203 3375 5323
3 271 4980 2395
3 5721 2166 930
3 489 3603 8713
3 2720 3654 67
3 9625 119 9730
4 2316 1240 853 3872
3 6239 3972 2988
3 8370 9314 7914
3 3411 6123 4452
3 9078 9306 1509
3 854 3188 4519
3 497 8059 4110
3 5668 8435 4596
3 9347 5235 245
3 8787 4648 4969
3 9550 9411 9027
3 2783 2538 809
3 6004 6139 6366
3 3616 7465 5421
3 8803 8262 2891
3 1674 3821 541
4 3281 7230 3564 5277
3 2436 7430 6703
3 169 2941 8696
3 9869 4910 3382
4 8489 734 583 1892
3 8711 6305 9604
4 2883 6547 5746 7723
4 1097 1503 8462 9323
3 666 661 1517
3 6220 109 2146
3 2512 4601 2622
3 3445 1866 5283
3 9559 4693 1711
3 6922 6424 4026
3 4428 768 7394
3 6048 956 4684
3 3544 7768 7178
3 7862 4455 2497
3 7373 6831 5079
3 5387 6206 3901
4 3855 474 8219 9300
3 3758 9670 2515
4 8675 9274 9538 6317
3 6003 7319 2766
3 4659 1170 3151
3 7685 3830 6082
4 3245 5335 3057 8166
3 9137 7677 3606
3 1984 2838 6956
3 8586 6307 9475
3 2881 3129 72
3 6438 8310 8533
3 3840 6706 4740
3 3739 7253 5328
3 5615 2566 9633
3 3976 277 5849
3 563 7092 3913
3 5751 8128 7991
3 2520 4346 7045
3 376 9202 6496
5 3817 5324 5654 7041 7976
3 3208 5089 3160
3 378 2828 5869
3 1869 1054 8883
3 7088 311 3963
3 4842 5887 1994
3 2060 4028 5195
3 1773 7116 6893
3 9864 3170 3761
4 24 1090 6718 5585
3 1512 4502 1330
3 1874 2184 8255
3 8458 3692 8062
3 7243 3051 7620
3 8449 4171 1886
3 4536 8989 6638
3 8588 6849 3401
3 2999 9707 2616
3 892 1267 6398
4 3090 4233 950 7910
3 3540 7190 3459
3 9654 6502 8649
3 6851 6607 9355
3 3693 417 5757
3 8868 8112 3806
3 719 2696 22
3 8085 1530 6628
3 57 5598 4131
3 8055 41 8261
4 187 1269 4507 7549
3 4194 3891 5093
3 1908 8104 9426
3 3426 6024 2532
3 6740 4661 4685
3 7442 3068 5488
3 8167 92 2267
3 5601 3816 1278
3 7572 3148 2640
3 6252 7692 5558
3 986 3541 6876
3 3605 8642 2137
4 8708 568 9549 9881
3 6570 9466 3002
3 1845 3112 5319
3 7438 615 3715
4 7612 4706 3239 3026
3 5719 823 38
3 9705 4153 5261
2 9121 7194
3 7196 6329 8482
4 6160 7406 3190 8925
3 8086 3398 6425
3 1625 6786 6163
3 2963 513 6196
3 2112 3849 2391
3 3513 5477 5368
3 7934 5406 8639
3 775 9947 8132
3 7710 9207 5947
3 6742 4056 9320
3 3795 9068 3707
3 6485 5766 1532
3 3435 166 6546
3 7451 9325 3851
3 9503 7759 8524
3 1557 4914 1391
3 6039 8973 4564
3 6202 9806 963
3 6327 6536 6097
3 6403 208 1275
3 3958 7554 8442
4 549 4948 2578 6754
3 1323 9042 3556
3 2026 2536 3862
3 8102 8792 9265
3 6575 5189 9041
4 2313 2742 9104 1507
3 8671 3047 2719
3 3442 211 8079
3 5771 7188 7403
4 8728 8158 1079 9597
3 7020 7956 8826
3 8773 8485 9086
3 9087 8856 8530
3 1384 656 7384
3 4021 8378 5927
3 511 1228 7447
3 4630 1613 517
3 7494 1986 6635
3 8786 7428 6629
3 6645 502 5259
3 4115 7690 1631
3 2293 375 8960
3 8681 5381 2863
3 6293 2605 5462
3 921 3542 6748
3 4713 4855 6194
3 210 856 891
3 3632 8425 8627
3 284 6182 3823
3 4657 2869 4681
3 6119 1386 7412
3 1441 7171 7776
3 300 655 9953
3 4815 4511 4526
3 9610 3364 7400
3 5955 753 2365
3 8955 9282 8834
3 159 3697 7974
3 1311 8118 472
3 6381 9846 4300
3 9090 1794 1637
3 1363 8302 4847
3 1111 1349 5594
3 7129 8190 2756
3 8243 3420 4813
3 3066 9680 2841
3 4973 6402 2189
3 9409 1189 7463
3 9011 419 740
3 7134 1605 9517
3 5060 4421 3251
3 6942 4143 118
3 7889 8157 5566
4 5970 5516 9890 6585
3 6639 9291 778
2 156 3735
3 1215 4882 9014
3 4525 2217 9720
3 2275 5554 2224
2 553 9546
3 1627 2912 4598
3 8758 4494 2799
3 5649 3629 7883
4 7040 2973 7118 3093
3 4017 381 9589
3 4959 6076 5452
3 3176 830 7418
3 6924 4826 2281
3 9316 6023 4890
3 3557 8614 8911
3 7864 8155 3038
3 9685 4704 9420
3 7114 6132 3406
3 629 8686 8690
3 3030 5234 2482
3 5507 7884 4016
3 1784 5713 3416
2 2384 5913
3 2904 6430 9107
3 2305 6244 8732
3 6843 1527 4031
3 4034 6216 1903
3 3036 4228 1270
3 6222 6689 7105
3 9134 6186 6943
3 1968 1883 7526
2 1475 1101
3 1843 1735 9982
3 1777 726 8144
4 3276 7861 95 1822
3 9511 1565 5209
3 9820 9450 7301
3 9619 1511 5112
3 4109 9345 7738
3 380 8979 3415
3 9144 6784 3814
3 3203 3732 4631
3 8464 4090 4313
3 6133 5576 5876
3 1630 9071 545
3 617 8213 3854
3 6172 6652 8350
3 9477 7994 349
3 5934 1620 292
3 1346 1227 6289
3 3409 6912 8776
3 2385 2992 2094
2 4467 9272
2 462 922
3 4450 9429 2862
3 4593 5628 6637
3 9561 4355 4338
2 7576 3384
3 7837 4544 7795
2 2418 5155
3 3373 3105 6271
3 2577 4410 3834
3 8737 102 1851
3 6965 8191 9972
2 3675 9406
3 7477 8653 2255
3 4585 3029 9562
3 7346 3475 4916
3 172 100 9618
3 1406 5717 4869
3 6903 9140 5422
2 4247 1912
3 3418 8328 2594
3 4255 9926 520
3 942 1863 221
3 9037 7704 3423
3 7709 1100 3133
3 3414 3579 791
