7 7024 8879 475 9015 2821 426 1259
7 574 1643 629 2379 3939 4238 8467
7 699 2328 181 1822 851 5419 1335
7 6373 3895 384 1299 209 5289 2714
7 3545 7401 9559 1981 3378 1799 6291
7 5037 3884 8598 6881 9045 4614 8546
7 4131 6066 5352 8592 4924 3023 7223
8 8727 3243 7920 3192 1378 6905 7428 4820
7 2355 1755 1159 3821 204 3759 4861
8 7787 1890 9116 9427 3859 1690 6570 6251
7 7706 5738 4583 559 2892 7333 1784
7 9213 1221 2344 6102 3555 3016 1228
7 5439 7472 971 9176 6662 9907 9877
6 7329 4327 8083 7009 4223 1175
7 9035 6996 3321 1716 1071 1492 764
7 1523 9775 8246 4566 103 1905 8508
7 4217 357 3437 2774 5054 3349 9499
7 1546 6326 2173 2711 9954 2911 4786
7 640 268 4951 7337 4300 8043 3652
7 336 6615 2692 9744 5193 7340 3937
8 2036 6626 2101 8167 9388 9511 5601 6851
7 4479 9041 3889 9143 2785 4355 8426
7 4525 4746 5238 262 8218 338 6204
7 6796 4958 8759 4696 8365 7978 4965
7 4609 4928 8201 802 5712 6562 3904
7 3503 1900 590 8574 5422 4207 3194
7 6579 8453 9235 3687 3474 2313 2186
8 4513 1365 1098 7597 5480 8820 8293 6557
7 8100 8060 3305 5345 2021 3188 7311
7 7766 4715 2431 6826 9922 6560 298
8 320 1586 1194 541 4108 9325 1014 3071
8 5649 26 3955 2087 9574 8861 5539 3410
7 2533 6813 3654 9908 2622 6435 2731
7 1860 4726 7174 275 8941 8685 3029
7 9299 3716 2915 2828 1773 959 5157
7 9953 166 1711 3568 493 7941 458
6 370 955 3051 583 8528 557
8 1384 4132 9085 3762 5414 6683 2248 4079
7 3102 6448 8973 7823 9950 1129 6875
7 4733 4494 8177 2529 8990 6795 5360
7 7481 1085 4948 7044 9987 5650 5088
8 2922 3485 3010 5098 6778 664 5920 249
7 2636 8460 291 8474 8219 2833 4600
7 6896 6980 9237 8519 8746 5497 1515
7 7035 5284 7606 1507 2413 2063 4501
7 38 8918 8749 8356 5732 4151 4804
7 8053 9598 7488 4776 7781 6131 6412
7 1158 35 9648 5104 703 4747 6467
7 9107 6926 4960 9868 5540 6520 7801
7 147 1148 865 9078 8407 74 5995
7 9274 7377 6179 8877 4082 9719 2818
8 9421 1950 786 2444 6634 4923 3483 9814
7 9190 8985 8238 2871 9052 1521 2736
7 7795 1201 2068 6087 4150 1429 2999
7 5821 1852 2851 4586 7079 1275 8795
7 9934 6528 437 9462 8664 3684 5044
7 6995 5118 3026 2986 1790 8482 3809
7 7692 3573 1345 319 4905 9449 2953
8 1448 9338 2968 6095 8404 4155 4539 2147
8 8655 6330 7613 5418 478 2410 7732 5401
7 4551 114 1359 4914 6990 20 9243
8 7533 8069 6843 1706 7874 5194 4309 4768
7 3701 4828 5399 5370 6731 3342 5318
7 5230 7367 6511 8675 5912 5702 8835
7 3311 8343 8893 398 5286 5710 5264
7 6664 4244 7011 2286 1361 1685 8687
8 692 4126 1278 4530 1486 7042 6312 2473
7 4412 8771 7096 444 9244 3079 5885
7 7499 636 6770 9169 6358 7590 1670
7 5063 6554 7419 7358 1678 8454 9202
8 5199 3088 4971 7909 8008 5308 8026 2557
7 7505 3198 5180 5504 9129 7871 7106
7 202 6720 3763 7660 8245 7653 8107
7 1247 7792 5407 2689 8665 6760 3702
7 5895 5255 9494 1871 6243 6041 9066
8 2563 400 9114 5588 886 8275 3049 5835
7 3856 76 1630 1037 6362 4925 3368
7 7615 9592 9995 5529 217 3957 8349
7 814 2685 4722 5862 4203 3547 7167
7 7749 3397 3646 3491 9053 4099 6831
7 6605 4175 1060 9537 9851 9575 9823
