5 167 108 7 198 237
5 168 41 246 200 42
5 34 110 220 32 55
5 99 164 193 172 288
5 216 8 144 282 132
5 180 299 218 239 2
5 184 72 58 222 135
5 54 88 225 254 149
5 87 4 227 64 272
5 275 116 92 96 215
4 296 286 107 86
5 0 103 95 28 270
4 24 13 53 16
4 134 159 113 118
4 80 210 79 81
4 85 212 171 191
4 161 137 40 229
4 75 203 21 255
4 249 162 105 22
4 62 276 128 30
4 294 133 188 51
4 148 127 284 297
4 136 260 185 278
4 259 56 122 52
3 150 273 23
3 263 261 163
3 74 44 160
3 290 187 253
3 125 129 235
3 38 57 147
3 19 166 291
3 15 267 195
3 60 232 45
3 18 63 76
3 285 91 83
3 281 102 231
3 156 226 199
3 230 29 251
3 224 174 176
3 277 241 228
3 245 39 115
3 213 14 71
3 214 244 49
3 202 268 130
3 217 204 175
3 146 157 211
2 26 3
2 82 158
2 209 207
2 121 243
2 68 258
2 109 269
2 170 197
2 295 27
2 236 61
2 50 298
2 177 73
2 117 114
2 111 89
2 140 6
2 11 190
2 271 93
2 90 283
2 70 101
2 48 139
2 25 35
2 119 124
2 5 248
2 238 31
2 201 20
2 287 181
2 250 66
2 219 205
2 131 98
2 138 264
2 266 67
2 292 223
2 10 145
2 289 280
2 182 78
2 192 100
2 265 142
2 242 106
2 152 155
2 252 126
2 43 194
2 104 47
2 17 120
2 196 112
2 59 46
2 12 186
2 141 154
2 256 279
2 123 9
2 37 189
2 97 240
2 69 77
2 206 262
2 233 178
2 143 94
