8 6599 719 327 3423 2855 3537 6862 7411
8 8033 9191 6424 5673 9942 8293 8824 9080
7 3016 8141 5552 4060 2906 8723 4868
7 3440 6042 9814 1746 5308 9254 3497
7 1434 5835 8644 9288 4966 4432 268
7 1179 681 3145 9960 9966 8517 6977
7 9670 7426 7828 7031 5999 4856 5858
7 2603 2995 4661 9957 2305 6500 9876
7 2038 2851 934 6959 5144 715 1119
8 6428 2446 962 2713 8625 9585 628 8114
8 6440 333 3660 3492 1862 8790 7919 3642
7 2822 9738 804 612 273 9220 3638
7 9058 156 2672 4543 9621 7784 5267
7 2870 6130 4322 5771 8950 5055 7571
6 9321 5919 4397 5675 2644 6908
7 820 1717 7186 1037 5580 1847 9607
7 4523 7138 3240 4951 4286 8325 7818
7 6430 6340 6330 5564 6125 9917 2392
6 3875 7427 2146 3987 679 3441
7 9145 7418 1641 4568 1123 9690 7920
7 5371 1141 9049 5197 2166 7761 7480
7 2849 306 4065 7494 605 2547 897
7 8725 9822 671 1670 1239 3020 7154
7 9832 9392 7901 8654 4739 7771 828
7 586 7318 9714 1491 4093 2606 453
7 6507 5455 9038 9522 232 3941 6051
7 4172 2584 8502 6093 3238 868 1546
6 4078 9925 654 3339 8454 1451
6 1572 4141 3562 2570 6205 1272
7 45 9413 9168 7704 1554 9499 3885
7 7678 9159 4469 9470 3836 9821 399
7 3117 526 286 3679 9665 3807 8479
7 6781 1769 8453 8971 738 8659 1474
7 3883 6808 688 2330 5229 5664 7772
7 187 5260 4804 3665 7890 5401 6724
7 7277 6096 482 9797 9055 6060 7850
7 8450 6885 5325 1938 9096 3121 1958
7 2150 9351 9340 4765 2051 5366 6034
6 3387 2098 8406 3950 8076 7763
6 8849 7584 5939 9039 7880 8926
6 9696 2156 6931 6005 8808 520
6 8057 6056 6497 5128 8553 7622
7 9180 3039 7229 8434 5525 9809 2248
7 4891 7833 3042 9441 7180 2076 2104
6 3155 4768 8468 5483 3195 9119
6 9189 4960 8730 3172 1895 9426
7 8103 1785 724 9868 4219 3388 923
6 7914 2635 6319 9933 250 2237
6 175 9215 9538 2244 3182 3605
6 1466 2805 23 1267 5293 8419
7 2717 2600 4260 8850 6292 2857 4517
6 6975 8544 2803 4715 5369 1346
7 7653 2223 2550 8513 8375 7973 6480
7 2734 5604 8220 2890 3733 1158 6592
6 4801 4852 846 2701 1564 7562
7 102 7136 6897 3972 5138 838 5517
7 3448 1999 746 1531 7430 228 9863
6 8561 13 6461 952 4997 2750
6 7735 4830 2557 6767 8448 8343
6 8099 8946 1568 6936 2541 449
7 7849 295 3832 4169 9027 8661 5430
7 3183 1808 558 7979 6242 5290 8567
6 6423 7851 7297 2042 9533 1664
6 602 3902 6668 6655 2601 1195
6 2758 601 8545 8431 365 5450
7 4467 9111 3363 6595 6255 7209 4209
7 6933 1579 3104 8592 5693 5024 2400
6 5634 8595 8568 8885 435 6621
6 8709 6613 554 5051 9231 50
6 8858 577 6062 5669 7110 2256
6 2163 9888 9031 2168 7766 3426
6 1587 3831 4501 8017 2435 9312
6 3236 8090 6543 1421 2892 5957
7 9151 3249 6570 5097 4082 2923 2398
6 8724 6950 4989 1715 4460 6805
6 8097 8551 3632 2399 9848 2475
7 9106 4052 1824 5984 6105 7740 6498
6 94 3636 7694 1794 32 7947
6 3922 691 5837 9699 685 3193
7 1959 4935 4949 3312 9678 8844 1295
6 9488 9742 3878 2633 7743 3999
7 2368 6229 2830 4238 1076 7785 3588
6 5959 3511 1125 5938 4395 1052
6 3256 835 4349 6481 2647 6602
7 8598 2440 8607 915 7952 741 6317
6 929 4760 4980 2295 6368 575
5 3720 2922 3914 6341 8066
6 2381 7320 5721 9097 4825 6838
6 3233 1187 8227 1913 1889 2284
7 6198 7080 377 7030 3266 4869 4850
6 1788 4114 144 4795 9010 2968
6 9141 7132 5030 9273 6300 6759
6 5046 1965 5756 9175 2175 1336
6 5832 9581 280 4006 3558 7018
6 9543 2993 3937 2815 7614 3093
7 9475 1711 4107 159 7742 1168 4912
6 8854 9443 6557 7579 5821 4826
6 8372 6261 4392 289 5818 3141
6 9890 2823 5069 2555 8668 9373
6 3581 7781 314 2339 3435 5711
7 9053 1408 1472 7929 5166 9464 8268
6 9872 3190 7235 1422 2943 7263
6 2234 9054 1573 3598 6286 1858
6 5062 5588 8472 2145 6584 5841
6 8299 8085 4088 208 9216 6136
6 3187 9284 2517 6294 4975 9196
5 1942 1925 6928 1004 6915
6 5645 7337 4481 7249 6585 8953
6 625 2921 191 8954 2463 501
6 7256 7382 9718 7144 5550 2612
6 7609 5876 810 5724 9628 9710
6 7642 9246 8399 3804 7300 4257
6 2414 8172 8969 9147 2092 9099
6 3384 2996 4870 2622 8963 1399
6 7855 2378 9747 216 178 7272
6 660 4189 7574 5207 5407 7710
6 5254 7995 1833 5553 9936 1511
6 9858 2698 3551 73 3846 427
5 7545 1512 2940 8442 9359
5 9692 8669 6463 9485 6873
6 4494 2091 3260 9407 7258 2582
6 570 9371 9257 1325 8483 4744
6 3766 5801 9913 8063 3254 2319
6 2139 3153 6729 7449 7703 1987
6 5266 42 9740 7922 9456 9207
5 3496 3209 9804 7489 9734
6 2209 9662 227 3411 1226 9496
5 8896 9243 1835 2950 5378
6 1813 6021 8678 5658 363 6558
6 5500 3590 9336 4084 3392 5792
6 9360 2772 7358 3001 8864 277
6 3353 2452 666 7698 3486 3250
6 207 9282 8125 6444 5119 7786
6 3491 1030 4303 3536 2415 6219
6 9014 1386 2090 874 902 1
6 4077 3516 476 1608 1444 5019
5 4805 275 8356 3854 3437
6 3756 4967 5334 6746 8455 6901
5 8128 6257 7552 6994 693
6 9211 3247 1983 2138 2724 7371
6 1826 9764 3929 7367 525 9897
5 352 4390 4239 4004 303
5 4878 5008 2573 5168 4847
6 4473 152 8366 7397 4040 3255
6 1204 5160 4807 5368 109 1672
5 3179 9447 1192 2674 6350
6 9446 445 1036 2918 5265 6647
6 9435 1817 2332 3623 5502 8800
6 1048 4904 3460 1644 5584 118
5 5388 7205 3476 1541 3978
6 5465 9328 7782 9322 9839 9449
6 4611 5955 4671 2640 7024 2941
6 3076 3265 3383 4313 2114 8618
6 4119 6956 6982 40 8848 2447
5 7096 523 9606 1370 9922
6 7760 6812 7787 5182 334 7746
6 7633 7179 8948 784 2935 8535
6 6891 2191 6992 3757 5647 1331
5 4796 9594 9755 2797 4522
6 8039 3123 1860 5323 5063 2783
6 7313 698 1590 1487 5427 2103
6 4049 8653 4503 8746 3778 3816
5 3628 4236 2715 383 9469
5 474 8546 9743 5303 539
6 4753 2586 3119 779 2028 1569
6 5057 9861 3075 1257 7925 7465
6 3815 5383 5944 6262 5018 4061
5 3991 6154 1260 1189 2180
5 1539 8424 34 8609 713
6 993 8698 1113 6766 6590 2340
5 8983 9117 2186 8912 7127
5 6610 7793 6407 9883 3736
6 7662 1574 1109 7295 8040 3485
6 4398 3533 3501 703 8248 4791
5 8205 27 3682 4588 1720
5 1387 1893 6030 6902 8242
6 8407 3775 7335 1542 2903 4063
5 4066 5049 3524 6553 5154
5 2202 8315 2767 5274 8116
5 596 6638 7798 6919 6384
6 4764 7539 6475 1093 71 3207
5 9498 9194 7084 4545 5001
5 3704 4466 1410 4950 7033
5 2765 3452 8797 5875 9666
6 6845 8394 5528 215 9655 9613
5 4447 7822 4217 9986 2753
6 957 2636 3324 8865 922 849
5 8383 1896 5751 5376 7515
5 8184 6683 8297 93 6398
5 7639 6791 1339 7317 2206
5 3025 3288 2472 3465 4232
6 6190 7576 6890 2468 339 5481
5 3361 328 9785 9203 1528
6 6197 7216 4797 1131 8938 1105
5 5147 9460 7982 5424 802
5 3833 5136 8751 5068 6004
6 6227 3709 2265 8421 2859 717
5 1271 9887 7384 7927 1246
6 5524 1425 4458 704 6399 3006
5 7511 3611 5109 8235 263
6 5703 2864 8118 8634 8855 3071
5 5324 5608 5460 9110 6355
5 4766 7343 6620 2097 3843
5 8961 7643 7689 8572 9668
5 7984 6392 7992 7036 155
5 3171 5326 8074 4396 9518
5 5595 8492 9120 5508 139
5 1752 1035 8080 8093 4855
5 8364 8246 9202 2832 4321
5 1062 2652 3455 5474 8656
5 1599 5149 2769 9477 6282
5 5889 9820 7351 1622 6047
5 1660 726 9492 1932 4072
6 5482 493 5535 350 6389 7265
5 2086 8504 3781 6393 9292
6 7674 3216 3425 8083 484 6850
6 8995 4974 5336 8699 1301 8612
5 6214 4759 2353 4958 5339
5 9213 3592 1196 5157 6451
5 839 4754 82 9442 9005
5 6200 6001 4186 3925 8531
5 8152 7148 1080 4110 3915
5 9826 1364 7516 9415 8495
5 1437 4634 1024 1693 9298
5 7324 4433 6250 3783 9800
5 552 2496 3518 1526 7551
5 534 9166 3 4880 1654
5 9155 3128 8415 4069 8780
5 7047 9417 2777 6369 6502
5 687 5370 6016 5480 2285
5 1040 994 8697 1792 366
5 1831 8523 5534 9880 3927
6 9445 8121 2297 5348 2165 5851
5 4057 182 2578 5904 1355
6 1577 2417 7309 5126 4401 8695
5 1768 9361 593 7753 1966
6 5014 8177 1842 4730 6406 5372
5 6425 2795 6790 6015 8331
5 7946 2607 6113 6824 1090
5 5952 1468 5258 4158 2861
5 773 7175 3643 6099 1838
5 4182 4994 1976 2536 4713
5 3911 7448 4408 54 9198
5 9727 4122 9592 431 1903
6 395 7245 7606 1659 2818 6988
5 1712 4751 1681 6191 4705
5 2648 5941 9408 2238 369
5 1805 2554 4009 4906 7119
6 138 3877 5532 6421 7824 8985
5 1846 9688 3064 8036 2231
5 8440 7395 5263 8588 4609
6 1764 9248 5113 6779 3199 8539
5 2793 4246 2 3166 3342
5 7871 8710 4250 9993 1374
5 5503 4922 3612 620 6165
7 1134 389 436 1751 3907 3812 212
5 7222 1556 404 5146 1008
5 3258 8207 7721 2255 8127
6 78 8579 8447 432 5856 329
5 2563 4338 3698 2574 9424
5 8835 7439 2293 8258 5663
6 9988 8267 6879 4655 3330 8881
5 7569 816 5210 9575 3996
5 9601 7251 3693 2744 4317
5 7006 188 3396 4900 2133
5 1424 5973 1964 5975 7446
6 4071 4574 1143 8162 881 5341
5 1816 450 813 2124 9320
5 8781 6888 6703 6137 3072
5 9157 1492 5247 5850 8610
5 9136 5966 2756 886 8361
5 9992 8044 4165 8214 3862
5 2874 7421 6794 2188 3859
5 3827 417 7519 5142 3690
5 1285 8404 4567 1935 4666
6 1566 1312 1924 1462 6674 826
5 2182 1807 6117 7142 297
5 49 7529 9258 5834 9869
5 3302 9685 8756 7941 4586
5 5740 7638 2966 1796 3083
5 6796 8786 4587 9908 6723
6 701 5130 3656 4053 353 1112
5 9591 6347 1264 2651 1501
5 1359 3772 6748 4325 4719
5 4773 1753 6868 4136 8058
5 5798 2241 5492 7768 1819
5 862 4166 9128 7392 9794
5 5908 8851 5522 5395 7457
5 6671 1956 6351 6160 5617
5 5077 8286 5188 3893 6776
5 5865 9787 8176 865 5736
5 3860 5529 896 5838 5977
5 8386 8870 4436 9970 9313
5 8346 1330 3811 425 1950
5 528 9037 7286 6434 3729
5 6597 8170 9073 5976 6064
5 2785 7937 2037 2522 4362
5 553 7720 9980 8760 9146
5 9695 8078 4156 7387 8647
5 4701 9227 3620 4028 6579
5 5475 4808 7147 6574 1443
5 7918 626 8693 5222 5656
5 7708 7794 1795 9500 7535
5 2069 5354 4192 5291 1834
5 1191 8183 9646 9554 299
5 8903 1186 5020 5694 8515
5 1038 5537 6322 6318 6541
5 2711 7402 7707 3185 5614
5 90 4170 2205 3912 1623
5 1060 5914 3323 4124 3257
5 9075 1130 6348 6456 9253
5 7015 336 7232 7275 5624
5 256 656 5400 4823 3450
5 6980 4581 4480 4521 2181
5 5557 3968 8481 3803 4645
5 2152 1348 5990 3631 2328
5 4794 3210 7543 871 3725
5 910 4115 4096 642 2703
5 3505 4803 304 3229 3374
5 8657 5213 462 7472 9234
5 5942 4068 9831 2973 2678
4 9459 4091 4273 30
5 3235 2512 4629 9529 6455
5 2198 5472 2535 9056 5194
4 1909 1148 402 2171
5 3181 6603 4717 6162 6512
4 2858 3921 185 9430
5 3765 3471 1985 70 3223
5 3873 8740 108 6622 9256
4 5115 3659 2637 1498
5 3198 6785 7219 8239 3920
5 271 1704 4001 8094 5256
5 2604 2836 6731 5451 769
6 4616 4662 6970 3881 1176 9687
5 5511 5112 3033 3759 946
5 6265 7613 4018 3955 6086
5 1021 551 6710 3817 9765
4 6003 7496 2301 2939
5 89 8566 8257 6253 2386
4 1407 7695 5353 1070
4 3519 8503 2359 9763
5 9589 5377 1969 7802 6239
5 276 6720 1760 1879 3901
6 5777 9440 6640 8884 4988 44
5 5898 5262 8012 1553 7978
5 3169 8400 2144 9087 1687
5 1415 4318 8615 9973 9879
4 5134 747 1593 7831
4 9930 7636 8913 3301
4 4769 2583 3997 1662
